1
6
12
18
50
51
56
61
67
72
73
78
84
99
100
104
105
110
116
122
127
133
138
139
148
149
154
159
160
165
171
176
182
188
203
209
214
215
220
221
226
231
237
263
269
275
280
286
335
338
339
340
341
344
345
346
347
351
352
358
385
387
388
391
392
397
398
399
403
404
405
406
407
411
412
413
438
444
450
451
452
457
458
459
461
465
466
467
471
472
473
510
511
517
524
570
576
577
582
583
584
585
590
591
598
599
605
611
630
631
637
638
639
644
645
653
684
685
690
691
692
698
699
706
719
738
739
744
750
751
752
758
804
810
827
845
851
857
867
668
869
874
875
879
880
881
884
885
887
890
891
892
896
897
898
902
903
904
908
909
913
914
915
918
919
920
921
924
925
926
931
936
937
942
943
944
949
950
955
956
957
960
961
966
967
972
973
978
984
990
996
1002
1003












